repn	predictor.dsgtailp	predictor.mdctailp	predictor.MDCscore	predictor.U1	predictor.U2	model.id
AJB/007/001	1.89667592226549	2.24479865360765	4	0	0	HGT
AJB/007/001	0.0754072164103351	1.63048435716967	13.5	3	1.5	HGT
AJB/007/001	-0.228137567898857	0.0946986160747092	108	1	1	HGT
AJB/007/001	-0.228137567898857	-0.212458532144282	1.5	0	0	HGT
AJB/007/001	3.11085505950226	5.31637013579757	35640	2	3	HGT
AJB/007/001	0.0754072164103351	0.0946986160747092	1	-1	0	HGT
AJB/007/001	-0.835227136517241	1.32332720895068	37968.75	4	1.5	HGT
AJB/007/001	1.5931311379563	5.62352728401656	2137.5	7	3	HGT
AJB/007/001	3.11085505950226	6.54499872867353	684000	6	3.5	HGT
AJB/007/001	1.5931311379563	2.55195580182664	40.5	-1	0	HGT
AJB/007/001	1.89667592226549	5.00921298757857	62500	7	4.5	HGT
AJB/007/001	3.71794462812064	7.46647017333051	56250	14	6.5	HGT
AJB/007/001	2.80731027519306	7.15931302511152	3037500	11	5.5	HGT
AJB/007/001	3.41439984381145	5.31637013579757	4374	6	4	HGT
AJB/007/001	2.50376549088387	3.16627009826463	24	5	2	HGT
AJB/007/001	2.80731027519306	7.15931302511152	228690	4	3	HGT
AJB/007/001	2.50376549088387	2.85911295004563	72	5	3	HGT
AJB/007/001	0.682496785028719	1.01617006073168	15	2	1	HGT
AJB/007/001	0.378952000719527	0.401855764293701	3	-1	-0.5	HGT
AJB/007/001	0.378952000719527	5.00921298757857	32727240	2	1	HGT
AJB/007/001	0.378952000719527	0.709012912512692	24	1	0	HGT
AJB/007/001	2.50376549088387	9.00225591442547	32722200	8	4.5	HGT
AJB/007/001	0.986041569337911	1.32332720895068	120.000000000005	2	0.5	HGT
AJB/007/001	0.0754072164103351	0.0946986160747092	40.5	2	1	HGT
AJB/007/001	-0.228137567898857	0.709012912512692	1.5	0	-0.5	HGT
AJB/007/001	-0.531682352208049	-0.212458532144282	1.5	-1	-1	HGT
AJB/007/001	0.986041569337911	2.55195580182664	800	2	0.5	HGT
AJB/007/001	-0.531682352208049	-0.212458532144282	162	-1	0	HGT
AJB/007/001	0.0754072164103351	0.401855764293701	90	1	0	HGT
AJB/007/001	0.986041569337911	2.24479865360765	15120	2	1	HGT
AJB/007/001	2.50376549088387	4.39489869114059	768	4	1.5	HGT
AJB/007/001	0.0754072164103351	0.709012912512692	360	6	2.5	HGT
AJB/007/001	0.682496785028719	4.70205583935958	18900	2	2.5	HGT
AJB/007/001	1.5931311379563	2.55195580182664	60	2	1	HGT
AJB/007/001	0.986041569337911	1.32332720895068	250	3	3	HGT
AJB/007/001	-0.228137567898857	0.0946986160747092	27	0	0	HGT
AJB/007/001	2.50376549088387	3.47342724648362	2700	7	3	HGT
AJB/007/001	0.0754072164103351	0.709012912512692	2	-1	-1	HGT
AJB/007/001	-0.228137567898857	0.0946986160747092	22.8571428571438	-1	-1	HGT
AJB/007/001	0.682496785028719	1.32332720895068	6	2	0.5	HGT
AJB/007/001	0.986041569337911	1.32332720895068	12	1	0	HGT
AJB/007/001	0.0754072164103351	0.709012912512692	5100	5	2	HGT
AJB/007/001	2.50376549088387	7.15931302511152	438750	10	4.5	HGT
AJB/007/001	-0.228137567898857	0.0946986160747092	4	0	0	HGT
AJB/007/001	1.5931311379563	5.31637013579757	264600	6	2.5	HGT
AJB/007/001	0.986041569337911	2.85911295004563	67200	6	3	HGT
AJB/007/001	3.71794462812064	14.2239274341483	10097379000	11	6	HGT
AJB/007/001	-0.835227136517241	-0.519615680363274	12	0	-0.5	HGT
AJB/007/001	0.378952000719527	0.709012912512692	4	-1	-0.5	HGT
AJB/007/001	0.986041569337911	2.85911295004563	6075	4	2.5	HGT
AJB/007/001	2.80731027519306	10.2308845073014	924618240	6	3.5	HGT
AJB/007/001	2.20022070657468	3.16627009826463	12	2	1	HGT
AJB/007/001	0.0754072164103351	4.70205583935958	5749380	4	2	HGT
AJB/007/001	2.50376549088387	10.2308845073014	30005640000	11	5.5	HGT
AJB/007/001	1.5931311379563	1.93764150538866	120	5	2.5	HGT
AJB/007/001	-0.531682352208049	-0.212458532144282	1	-1	-1	HGT
AJB/007/001	-0.835227136517241	-0.826772828582266	1	-1	-1	HGT
AJB/007/001	0.378952000719527	1.01617006073168	18	0	0.5	HGT
AJB/007/001	0.378952000719527	0.401855764293701	1	-1	-1	HGT
AJB/007/001	1.2895863536471	2.55195580182664	160	4	2	HGT
AJB/007/001	0.0754072164103351	1.63048435716967	10.5	3	1.5	HGT
AJB/007/001	1.89667592226549	2.55195580182664	800	3	1.5	HGT
AJB/007/001	0.378952000719527	1.01617006073168	81	1	1	HGT
AJB/007/001	-0.228137567898857	-0.212458532144282	1	-1	-1	HGT
AJB/007/001	2.20022070657468	3.47342724648362	60	4	2	HGT
AJB/007/001	1.5931311379563	5.31637013579757	8640000	6	2.5	HGT
AJB/007/001	0.378952000719527	1.01617006073168	36	3	1	HGT
AJB/007/001	0.682496785028719	2.55195580182664	32256	3	1	HGT
AJB/007/001	0.0754072164103351	0.401855764293701	108	2	1.5	HGT
AJB/007/001	2.20022070657468	19.7527561020902	4628213333333.33	12	5.5	HGT
AJB/007/001	1.2895863536471	1.63048435716967	63	2	0.5	HGT
AJB/007/001	1.89667592226549	2.24479865360765	72	0	1	HGT
AJB/007/001	0.682496785028719	4.0877415429216	18333.3333333333	7	3	HGT
AJB/007/001	1.2895863536471	4.39489869114059	7500	4	2	HGT
AJB/007/001	-0.228137567898857	0.0946986160747092	1	-1	-0.5	HGT
AJB/007/001	3.11085505950226	16.3740274716813	384596100000	10	4.5	HGT
AJB/007/001	1.2895863536471	1.93764150538866	3	-1	-0.5	HGT
AJB/007/001	0.682496785028719	1.32332720895068	800	2	1.5	HGT
AJB/007/001	1.89667592226549	3.47342724648362	7776	6	3	HGT
AJB/007/001	-0.228137567898857	0.709012912512692	1008	-1	-1	HGT
AJB/007/001	-0.228137567898857	0.0946986160747092	6.75	-1	-1	HGT
AJB/007/001	0.0754072164103351	0.709012912512692	18	0	0	HGT
AJB/007/001	0.986041569337911	1.93764150538866	5	1	1	HGT
AJB/007/001	2.80731027519306	5.62352728401656	441	6	3	HGT
AJB/007/001	-0.835227136517241	-0.826772828582266	2	0	-0.5	HGT
AJB/007/001	0.682496785028719	1.01617006073168	162	0	0.5	HGT
AJB/007/001	0.682496785028719	1.32332720895068	40.5	3	2	HGT
AJB/007/001	1.2895863536471	1.63048435716967	144	1	1	HGT
AJB/007/001	-0.835227136517241	-0.826772828582266	1	-1	-1	HGT
AJB/007/001	-1.44231670513563	-1.44108712502025	1	-1	-1	HGT
AJB/007/001	0.682496785028719	1.32332720895068	336	2	0.5	HGT
AJB/007/001	-0.228137567898857	0.401855764293701	60	-1	-1	HGT
AJB/007/001	1.89667592226549	5.93068443223555	590625	7	3.5	HGT
AJB/007/001	1.5931311379563	2.85911295004563	105	3	2	HGT
AJB/007/001	4.32503419673902	15.1453988788053	15199212600	9	5	HGT
AJB/007/001	2.80731027519306	7.46647017333051	410156.25	6	3	HGT
AJB/007/001	2.20022070657468	3.47342724648362	45	1	1.5	HGT
AJB/007/001	2.20022070657468	3.47342724648362	540	2	2	HGT
AJB/007/001	0.378952000719527	0.709012912512692	80	2	0.5	HGT
AJB/007/001	-0.228137567898857	0.401855764293701	1.5	-1	-1	HGT
AJB/007/001	0.378952000719527	0.709012912512692	2.25	-1	-1	ILS
AJB/007/001	-2.65649584237239	-2.66971571789622	1	-1	-1	ILS
AJB/007/001	-1.13877192082643	-1.13392997680126	1	-1	-1	ILS
AJB/007/001	0.0754072164103351	0.709012912512692	4.28571428571447	-1	-1	ILS
AJB/007/001	0.0754072164103351	0.401855764293701	1.5	1	0.5	ILS
AJB/007/001	0.986041569337911	1.32332720895068	7.61904761904795	-1	-1	ILS
AJB/007/001	-1.44231670513563	-1.13392997680126	1.5	-1	-1	ILS
AJB/007/001	-1.44231670513563	-1.13392997680126	1	-1	-1	ILS
AJB/007/001	-0.228137567898857	0.0946986160747092	4.5	-1	-1	ILS
AJB/007/001	-0.228137567898857	-0.212458532144282	1.5	-1	-1	ILS
AJB/007/001	0.682496785028719	1.32332720895068	72	1	0.5	ILS
AJB/007/001	-0.835227136517241	-0.826772828582266	2	0	-0.5	ILS
AJB/007/001	1.2895863536471	1.93764150538866	1.5	0	0	ILS
AJB/007/001	0.0754072164103351	0.401855764293701	4.28571428571447	-1	-1	ILS
AJB/007/001	0.0754072164103351	0.0946986160747092	2	1	0	ILS
AJB/007/001	-0.228137567898857	-0.212458532144282	1	-1	-1	ILS
AJB/007/001	-1.44231670513563	-1.44108712502025	4	-1	-1	ILS
AJB/007/001	-0.531682352208049	-0.212458532144282	1	-1	-1	ILS
AJB/007/001	-0.835227136517241	-0.519615680363274	1	-1	-1	ILS
AJB/007/001	-1.13877192082643	-1.13392997680126	2	-1	-1	ILS
AJB/007/001	-0.228137567898857	-0.212458532144282	2	-1	-1	ILS
AJB/007/001	-1.44231670513563	-1.13392997680126	1	-1	-1	ILS
AJB/007/001	0.378952000719527	0.401855764293701	1	-1	-0.5	ILS
AJB/007/001	0.378952000719527	0.709012912512692	3	-1	-1	ILS
AJB/007/001	-1.44231670513563	-1.44108712502025	1.5	-1	-1	ILS
AJB/007/001	-0.228137567898857	0.401855764293701	3	3	1	ILS
AJB/007/001	-0.531682352208049	-0.519615680363274	1.90476190476199	-1	-1	ILS
AJB/007/001	0.682496785028719	1.01617006073168	4.5	-1	-1	ILS
AJB/007/001	0.0754072164103351	0.0946986160747092	3	-1	-1	ILS
AJB/007/001	0.378952000719527	0.709012912512692	2.25	-1	-0.5	ILS
AJB/007/001	0.986041569337911	1.63048435716967	1.5	0	-0.5	ILS
AJB/007/001	-0.228137567898857	0.401855764293701	36	0	0	ILS
AJB/007/001	0.378952000719527	0.709012912512692	1.5	0	-0.5	ILS
AJB/007/001	0.0754072164103351	0.401855764293701	1	0	-0.5	ILS
AJB/007/001	-0.835227136517241	-0.519615680363274	1.5	-1	-1	ILS
AJB/007/001	-1.44231670513563	-1.44108712502025	1	-1	-1	ILS
AJB/007/001	-0.228137567898857	0.0946986160747092	1	-1	-0.5	ILS
AJB/007/001	-0.531682352208049	0.0946986160747092	3	-1	-1	ILS
AJB/007/001	0.378952000719527	0.709012912512692	1	0	-0.5	ILS
AJB/007/001	-1.44231670513563	-1.44108712502025	1	-1	-1	ILS
AJB/007/001	0.378952000719527	1.63048435716967	36	1	0.5	ILS
AJB/007/001	0.0754072164103351	0.0946986160747092	2	-1	-0.5	ILS
AJB/007/001	0.682496785028719	1.93764150538866	2.25	2	1.5	ILS
AJB/007/001	0.986041569337911	1.63048435716967	15	0	0.5	ILS
AJB/007/001	-1.44231670513563	-1.44108712502025	27	-1	-1	ILS
AJB/007/001	1.2895863536471	1.93764150538866	6	-1	0	ILS
AJB/007/001	0.682496785028719	0.709012912512692	2	-1	-1	ILS
AJB/007/001	0.682496785028719	1.32332720895068	1.5	3	2	ILS
AJB/007/001	0.378952000719527	0.709012912512692	1	1	0.5	ILS
AJB/007/001	0.986041569337911	1.32332720895068	1	-1	-1	ILS
AJB/007/001	-0.228137567898857	-0.212458532144282	1.5	-1	-1	ILS
AJB/007/001	-1.13877192082643	-1.13392997680126	2	-1	-1	ILS
AJB/007/001	0.682496785028719	0.709012912512692	1	2	0.5	ILS
AJB/007/001	-0.228137567898857	0.0946986160747092	2	0	0	ILS
AJB/007/001	0.682496785028719	1.01617006073168	12	0	-0.5	ILS
AJB/007/001	-0.228137567898857	-0.212458532144282	1	-1	-1	ILS
AJB/007/001	-0.228137567898857	-0.212458532144282	102.857142857147	0	0	ILS
AJB/007/001	0.0754072164103351	0.709012912512692	9	0	-0.5	ILS
AJB/007/001	0.0754072164103351	0.0946986160747092	1.5	-1	-1	ILS
AJB/007/001	-2.3529510580632	-2.36255856967722	1	-1	-1	ILS
AJB/007/001	0.0754072164103351	0.401855764293701	3	1	0	ILS
AJB/007/001	0.682496785028719	0.709012912512692	6	-1	-1	ILS
AJB/007/001	1.5931311379563	2.85911295004563	4.5	0	1	ILS
AJB/007/001	0.986041569337911	1.93764150538866	81	0	-0.5	ILS
AJB/007/001	0.0754072164103351	0.401855764293701	2.25	-1	-1	ILS
AJB/007/001	0.682496785028719	1.32332720895068	9	-1	-0.5	ILS
AJB/007/001	0.986041569337911	1.01617006073168	3	0	0.5	ILS
AJB/007/001	0.378952000719527	0.401855764293701	1.5	0	-0.5	ILS
AJB/007/001	1.2895863536471	1.93764150538866	2	0	0	ILS
AJB/007/001	0.0754072164103351	1.01617006073168	8	2	0.5	ILS
AJB/007/001	-1.74586148944482	-1.44108712502025	3	-1	-1	ILS
AJB/007/001	0.0754072164103351	0.401855764293701	1.5	-1	0	ILS
AJB/007/001	-1.44231670513563	-1.44108712502025	1	-1	-0.5	ILS
AJB/007/001	-0.531682352208049	0.0946986160747092	5.71428571428596	0	-0.5	ILS
AJB/007/001	-0.835227136517241	-0.826772828582266	1	-1	-1	ILS
AJB/007/001	-1.13877192082643	-0.212458532144282	12.8571428571434	-1	-1	ILS
AJB/007/001	-0.835227136517241	-0.212458532144282	27	-1	-0.5	ILS
AJB/007/001	-2.04940627375401	-2.05540142145823	1	-1	-1	ILS
AJB/007/001	-0.531682352208049	-0.212458532144282	6	-1	-1	ILS
AJB/007/001	1.2895863536471	1.32332720895068	15	0	1	ILS
AJB/007/001	-0.531682352208049	-0.212458532144282	4	-1	-1	ILS
AJB/007/001	0.0754072164103351	0.401855764293701	2	-1	-1	ILS
AJB/007/001	-0.835227136517241	-0.826772828582266	1	-1	-0.5	ILS
AJB/007/001	0.986041569337911	1.01617006073168	3	0	0	ILS
AJB/007/001	-0.228137567898857	-0.212458532144282	1	1	0	ILS
AJB/007/001	0.0754072164103351	0.709012912512692	18	2	0.5	ILS
AJB/007/001	-0.531682352208049	0.0946986160747092	2.25	1	0	ILS
AJB/007/001	0.0754072164103351	0.401855764293701	13.5	0	-0.5	ILS
AJB/007/001	-1.44231670513563	-1.44108712502025	1.5	-1	-1	ILS
AJB/007/001	-0.835227136517241	-0.519615680363274	1.90476190476199	-1	-1	ILS
AJB/007/001	0.986041569337911	1.32332720895068	4.5	1	1	ILS
AJB/007/001	-1.74586148944482	-1.74824427323924	1	-1	-1	ILS
AJB/007/001	0.0754072164103351	0.0946986160747092	1	-1	-1	ILS
AJB/007/001	0.986041569337911	1.32332720895068	1	-1	-0.5	ILS
AJB/007/001	1.5931311379563	1.93764150538866	9	3	1	ILS
AJB/007/001	-0.228137567898857	-0.212458532144282	1	-1	-1	ILS
AJB/007/001	1.5931311379563	1.93764150538866	1.5	4	1.5	ILS
AJB/007/001	-1.74586148944482	-1.74824427323924	1	-1	-1	ILS
AJB/007/001	-0.531682352208049	-0.519615680363274	1	-1	-1	ILS
AJB/007/001	1.5931311379563	2.85911295004563	13.5	1	0.5	ILS
AJB/007/002	2.01445713876082	1.45280077940695	20.3174603174612	-0.5	-0.111111111111111	HGT
AJB/007/002	1.40559791677612	2.23869817437434	352	1.5	1.66666666666667	HGT
AJB/007/002	3.8410348047149	9.31177472908083	300797280	4	4.33333333333333	HGT
AJB/007/002	2.01445713876082	1.97673237605188	6	0	-0.111111111111111	HGT
AJB/007/002	2.01445713876082	4.5963903592765	340312.5	0	-0.111111111111111	HGT
AJB/007/002	1.10116830578377	3.54852716598665	147456	3	3	HGT
AJB/007/002	-0.116550138185619	2.76262977101926	55654.7619047643	0.5	0.777777777777778	HGT
AJB/007/002	2.92774597173786	5.12032195592143	54687.5	2.5	3	HGT
AJB/007/002	-1.02983897116266	-0.904891405495212	270.000000000012	-0.5	-0.111111111111111	HGT
AJB/007/002	1.71002752776847	1.97673237605188	432	0.5	2.11111111111111	HGT
AJB/007/002	-0.420979749177967	-0.642925607172749	3	-0.5	-0.555555555555556	HGT
AJB/007/002	-0.725409360170315	-0.642925607172749	60	0.5	0.333333333333333	HGT
AJB/007/002	-0.725409360170315	3.02459556934173	43809.5238095257	3.5	3.44444444444444	HGT
AJB/007/002	-0.725409360170315	-0.904891405495212	3.80952380952397	-1	-1	HGT
AJB/007/002	0.492309083799076	0.404937586117101	3	-1	-0.111111111111111	HGT
AJB/007/002	1.10116830578377	0.928869182762027	60	0	-0.111111111111111	HGT
AJB/007/002	0.492309083799076	0.928869182762027	1.5	0	0.333333333333333	HGT
AJB/007/002	0.187879472806728	0.404937586117101	6.42857142857171	-0.5	-0.111111111111111	HGT
AJB/007/002	3.23217558273021	8.00194573746852	1171688000.00005	1.5	3.44444444444444	HGT
AJB/007/002	1.40559791677612	2.5006639726968	33942.8571428586	-0.5	0.777777777777778	HGT
AJB/007/002	2.92774597173786	4.33442456095404	67.5	2	1.66666666666667	HGT
AJB/007/002	0.492309083799076	0.928869182762027	2	-1	-0.111111111111111	HGT
AJB/007/002	-0.116550138185619	-0.118994010527824	12	-1	0.333333333333333	HGT
AJB/007/002	-0.420979749177967	-0.642925607172749	4	0.5	0.333333333333333	HGT
AJB/007/002	1.40559791677612	3.02459556934173	43200	1.5	1.66666666666667	HGT
AJB/007/002	0.796738694791424	0.928869182762027	405	0	0.333333333333333	HGT
AJB/007/002	2.01445713876082	2.23869817437434	60	-0.5	0.777777777777778	HGT
AJB/007/002	1.10116830578377	1.71476657772941	270	2	2.11111111111111	HGT
AJB/007/002	1.10116830578377	1.45280077940695	2285.71428571438	2	3	HGT
AJB/007/002	0.492309083799076	0.142971787794639	1.5	-0.5	-0.555555555555556	HGT
AJB/007/002	0.796738694791424	0.928869182762027	4	-0.5	-0.111111111111111	HGT
AJB/007/002	-1.63869819314736	-1.6907888004626	24	-1	1.22222222222222	HGT
AJB/007/002	2.01445713876082	2.23869817437434	22.8571428571438	1	0.777777777777778	HGT
AJB/007/002	-0.725409360170315	-0.642925607172749	6	-1	-1	HGT
AJB/007/002	1.10116830578377	5.12032195592143	839843.750000036	3	3	HGT
AJB/007/002	2.92774597173786	14.0271590988852	101648736000	4.5	3.88888888888889	HGT
AJB/007/002	0.796738694791424	0.666903384439564	900	0	0.777777777777778	HGT
AJB/007/002	2.92774597173786	8.26391153579098	6438824228.57171	3	3.44444444444444	HGT
AJB/007/002	-0.420979749177967	0.142971787794639	140	-0.5	-0.111111111111111	HGT
AJB/007/002	0.187879472806728	1.19083498108449	1512	0	1.22222222222222	HGT
AJB/007/002	1.40559791677612	3.54852716598665	4876.19047619069	2.5	2.55555555555556	HGT
AJB/007/002	2.01445713876082	4.5963903592765	46080	0.5	3	HGT
AJB/007/002	2.01445713876082	2.23869817437434	17.1428571428579	-1	-0.111111111111111	HGT
AJB/007/002	0.796738694791424	1.19083498108449	15	0	0.333333333333333	HGT
AJB/007/002	-0.116550138185619	0.142971787794639	102.857142857147	0	0.333333333333333	HGT
AJB/007/002	3.53660519372255	11.1455353173381	55697969250	6	6.55555555555556	HGT
AJB/007/002	-0.116550138185619	0.404937586117101	24	0	-0.111111111111111	HGT
AJB/007/002	-0.116550138185619	0.404937586117101	1944	-0.5	-0.111111111111111	HGT
AJB/007/002	0.187879472806728	0.404937586117101	2	-1	-0.555555555555556	HGT
AJB/007/002	0.187879472806728	0.142971787794639	24	0	-0.111111111111111	HGT
AJB/007/002	0.492309083799076	1.45280077940695	4851	-1	-1	HGT
AJB/007/002	2.01445713876082	5.90621935088882	3870000	2.5	2.11111111111111	HGT
AJB/007/002	0.796738694791424	2.5006639726968	2880	1.5	1.66666666666667	HGT
AJB/007/002	2.92774597173786	3.54852716598665	4937.14285714307	3.5	3.88888888888889	HGT
AJB/007/002	1.71002752776847	2.76262977101926	6582.85714285743	1.5	1.66666666666667	HGT
AJB/007/002	2.62331636074551	7.21604834250113	69498000	3.5	3	HGT
AJB/007/002	-0.116550138185619	0.928869182762027	373.333333333333	0.5	0.777777777777778	HGT
AJB/007/002	0.492309083799076	0.404937586117101	27	0	0.333333333333333	HGT
AJB/007/002	-0.420979749177967	0.142971787794639	1008	-1	-0.111111111111111	HGT
AJB/007/002	0.492309083799076	0.928869182762027	174.149659863961	-1	-0.111111111111111	HGT
AJB/007/002	-1.94312780413971	-1.95275459878506	5.71428571428596	-1	-1	HGT
AJB/007/002	-0.420979749177967	-0.118994010527824	12	-1	-0.555555555555556	HGT
AJB/007/002	1.40559791677612	1.97673237605188	16200	1.5	1.66666666666667	HGT
AJB/007/002	0.796738694791424	2.23869817437434	48489.7959183715	0	1.66666666666667	HGT
AJB/007/002	-0.116550138185619	0.142971787794639	217.687074829951	0	0.333333333333333	HGT
AJB/007/002	-0.420979749177967	-0.380959808850287	18	-1	-1	HGT
AJB/007/002	2.01445713876082	3.54852716598665	1040	2.5	2.55555555555556	HGT
AJB/007/002	0.796738694791424	7.47801414082359	1187524800.00005	3.5	3.88888888888889	HGT
AJB/007/002	0.187879472806728	2.76262977101926	234.375	1.5	1.66666666666667	HGT
AJB/007/002	-0.725409360170315	-0.642925607172749	1	-1	-1	HGT
AJB/007/002	2.62331636074551	3.28656136766419	1322.44897959195	0.5	2.55555555555556	HGT
AJB/007/002	0.492309083799076	1.97673237605188	79380	2.5	2.11111111111111	HGT
AJB/007/002	0.187879472806728	0.928869182762027	1120	2	1.66666666666667	HGT
AJB/007/002	0.187879472806728	-0.118994010527824	2	-1	-0.555555555555556	HGT
AJB/007/002	2.62331636074551	3.28656136766419	480	3	3.44444444444444	HGT
AJB/007/002	-1.02983897116266	-0.904891405495212	2.25	-1	-1	HGT
AJB/007/002	1.71002752776847	1.97673237605188	90	-0.5	0.333333333333333	HGT
AJB/007/002	0.187879472806728	0.404937586117101	40	0	0.777777777777778	HGT
AJB/007/002	0.796738694791424	0.666903384439564	48	-0.5	1.22222222222222	HGT
AJB/007/002	-0.116550138185619	0.142971787794639	210	0	0.333333333333333	HGT
AJB/007/002	-1.02983897116266	-1.16685720381767	1	-1	-1	HGT
AJB/007/002	2.01445713876082	1.45280077940695	27	0.5	0.333333333333333	HGT
AJB/007/002	0.796738694791424	0.928869182762027	1782.85714285722	0.5	1.66666666666667	HGT
AJB/007/002	2.62331636074551	8.26391153579098	158120256	4	4.33333333333333	HGT
AJB/007/002	0.492309083799076	0.404937586117101	94.5	0.5	0.777777777777778	HGT
AJB/007/002	0.187879472806728	1.97673237605188	16091.4285714293	2	1.66666666666667	HGT
AJB/007/002	2.31888674975316	4.33442456095404	930000	1.5	2.11111111111111	HGT
AJB/007/002	1.10116830578377	2.5006639726968	1414.28571428578	0.5	1.66666666666667	HGT
AJB/007/002	-0.116550138185619	0.404937586117101	571.428571428596	-0.5	0.333333333333333	HGT
AJB/007/002	3.23217558273021	10.0976721240482	51586733520	4	4.33333333333333	HGT
AJB/007/002	1.10116830578377	1.71476657772941	14742	1.5	1.22222222222222	HGT
AJB/007/002	-1.02983897116266	-0.118994010527824	45	-1	-1	HGT
AJB/007/002	-1.33426858215501	-0.904891405495212	380.952380952397	-1	-0.555555555555556	HGT
AJB/007/002	0.492309083799076	1.19083498108449	5880	0	0.333333333333333	HGT
AJB/007/002	0.796738694791424	4.85835615759897	31033469.3877578	3	3	HGT
AJB/007/002	-1.33426858215501	-1.16685720381767	12	-1	-0.555555555555556	HGT
AJB/007/002	0.492309083799076	0.404937586117101	6	-1	-0.555555555555556	HGT
AJB/007/002	-1.02983897116266	-0.904891405495212	18	-1	-0.555555555555556	HGT
AJB/007/002	1.71002752776847	1.45280077940695	102.857142857147	1.5	1.66666666666667	HGT
AJB/007/002	1.40559791677612	3.81049296430912	5000	2	2.11111111111111	HGT
AJB/007/002	1.71002752776847	1.71476657772941	360	2.5	2.55555555555556	HGT
AJB/007/002	1.10116830578377	1.71476657772941	68.5714285714316	0	0.333333333333333	HGT
AJB/007/002	1.71002752776847	2.23869817437434	16163.2653061238	2	2.11111111111111	HGT
AJB/007/002	1.10116830578377	0.666903384439564	2	-1	-0.555555555555556	HGT
AJB/007/002	-0.116550138185619	0.142971787794639	40.5	-0.5	-0.555555555555556	HGT
AJB/007/002	2.92774597173786	4.07245876263158	27428.5714285726	0.5	3	HGT
AJB/007/002	2.31888674975316	1.97673237605188	486	0.5	0.333333333333333	HGT
AJB/007/002	0.492309083799076	1.97673237605188	64512	1.5	1.22222222222222	HGT
AJB/007/002	0.492309083799076	0.404937586117101	288	0.5	1.22222222222222	HGT
AJB/007/002	2.31888674975316	4.5963903592765	20250	3	3	HGT
AJB/007/002	1.71002752776847	3.02459556934173	144	2.5	2.11111111111111	HGT
AJB/007/002	0.187879472806728	0.928869182762027	1944	0.5	1.22222222222222	HGT
AJB/007/002	-0.116550138185619	0.142971787794639	3	-1	0.333333333333333	ILS
AJB/007/002	0.796738694791424	0.928869182762027	1.66666666666667	-1	-1	ILS
AJB/007/002	-1.02983897116266	-0.904891405495212	4	0.5	1.22222222222222	ILS
AJB/007/002	-1.02983897116266	-1.16685720381767	1.5	-1	-0.555555555555556	ILS
AJB/007/002	-1.02983897116266	-0.904891405495212	1.5	-1	-1	ILS
AJB/007/002	0.492309083799076	0.928869182762027	1	-1	-1	ILS
AJB/007/002	-1.02983897116266	-0.904891405495212	1.5	-1	-1	ILS
AJB/007/002	0.187879472806728	0.142971787794639	4.5	-1	-1	ILS
AJB/007/002	-0.420979749177967	-0.118994010527824	2.5	-1	-1	ILS
AJB/007/002	0.187879472806728	-0.118994010527824	2	-0.5	-0.555555555555556	ILS
AJB/007/002	0.187879472806728	-0.118994010527824	6	-1	-1	ILS
AJB/007/002	-0.116550138185619	-0.118994010527824	1	-0.5	0.333333333333333	ILS
AJB/007/002	-1.02983897116266	-1.16685720381767	2	-1	-1	ILS
AJB/007/002	-0.725409360170315	-0.380959808850287	2	-0.5	-0.555555555555556	ILS
AJB/007/002	0.187879472806728	-0.118994010527824	1	0	-0.111111111111111	ILS
AJB/007/002	0.796738694791424	0.404937586117101	6.75	1.5	1.22222222222222	ILS
AJB/007/002	0.187879472806728	0.404937586117101	3	-1	-0.555555555555556	ILS
AJB/007/002	0.492309083799076	0.666903384439564	1.33333333333333	-1	-1	ILS
AJB/007/002	0.796738694791424	0.404937586117101	1.5	0.5	0.333333333333333	ILS
AJB/007/002	0.187879472806728	0.142971787794639	1	0	-0.111111111111111	ILS
AJB/007/002	-0.725409360170315	-0.904891405495212	1	-0.5	-0.111111111111111	ILS
AJB/007/002	-0.725409360170315	-0.642925607172749	1	-1	-1	ILS
AJB/007/002	-0.420979749177967	-0.118994010527824	3	-1	-1	ILS
AJB/007/002	-1.33426858215501	-0.904891405495212	5.71428571428596	-1	-1	ILS
AJB/007/002	0.187879472806728	0.666903384439564	3.375	-1	-1	ILS
AJB/007/002	-0.420979749177967	-0.380959808850287	1.90476190476199	-1	-1	ILS
AJB/007/002	-1.33426858215501	-1.42882300214014	2	-1	-0.555555555555556	ILS
AJB/007/002	-0.116550138185619	-0.118994010527824	1	-1	-1	ILS
AJB/007/002	1.10116830578377	0.928869182762027	5.71428571428596	0.5	0.333333333333333	ILS
AJB/007/002	1.71002752776847	1.45280077940695	5.0793650793653	0	0.333333333333333	ILS
AJB/007/002	-0.725409360170315	-0.642925607172749	4	-1	-1	ILS
AJB/007/002	-1.33426858215501	-1.42882300214014	1	-1	-1	ILS
AJB/007/002	-1.63869819314736	-1.42882300214014	2	-1	-1	ILS
AJB/007/002	0.187879472806728	0.404937586117101	2	-0.5	0.777777777777778	ILS
AJB/007/002	0.492309083799076	1.45280077940695	9	0	-0.111111111111111	ILS
AJB/007/002	-2.5519870261244	-2.47668619542999	1	-1	-1	ILS
AJB/007/002	0.492309083799076	0.142971787794639	3	-0.5	-0.555555555555556	ILS
AJB/007/002	-1.02983897116266	-1.16685720381767	3	-0.5	-0.555555555555556	ILS
AJB/007/002	0.187879472806728	-0.118994010527824	1	-1	-1	ILS
AJB/007/002	0.492309083799076	0.666903384439564	9	-1	-0.555555555555556	ILS
AJB/007/002	-0.725409360170315	-0.904891405495212	5.71428571428596	-1	-1	ILS
AJB/007/002	-1.02983897116266	-1.16685720381767	2.25	-1	-1	ILS
AJB/007/002	-1.63869819314736	-1.42882300214014	3.80952380952397	-1	-1	ILS
AJB/007/002	1.40559791677612	0.928869182762027	2	-1	-1	ILS
AJB/007/002	-0.725409360170315	-0.380959808850287	1.5	-1	-1	ILS
AJB/007/002	-1.33426858215501	-1.42882300214014	1	-1	-1	ILS
AJB/007/002	-0.725409360170315	-0.642925607172749	4.28571428571447	-1	-1	ILS
AJB/007/002	-0.116550138185619	0.142971787794639	2.25	-1	-0.555555555555556	ILS
AJB/007/002	-0.420979749177967	-0.642925607172749	4.5	-0.5	-0.555555555555556	ILS
AJB/007/002	1.40559791677612	1.97673237605188	6	-0.5	0.333333333333333	ILS
AJB/007/002	0.492309083799076	0.404937586117101	64	-0.5	-0.555555555555556	ILS
AJB/007/002	-2.24755741513205	-2.21472039710753	1	-1	-1	ILS
AJB/007/002	0.492309083799076	0.404937586117101	3.80952380952397	-1	-1	ILS
AJB/007/002	-0.116550138185619	-0.118994010527824	3	0	0.333333333333333	ILS
AJB/007/002	1.10116830578377	0.666903384439564	1	1	1.22222222222222	ILS
AJB/007/002	-1.02983897116266	-0.904891405495212	1	-1	-0.555555555555556	ILS
AJB/007/002	-1.02983897116266	-0.904891405495212	2.25	-1	-1	ILS
AJB/007/002	-1.33426858215501	-1.42882300214014	3	-1	-1	ILS
AJB/007/002	0.187879472806728	0.404937586117101	1.90476190476199	0.5	0.777777777777778	ILS
AJB/007/002	-0.116550138185619	0.142971787794639	2.85714285714298	-1	-1	ILS
AJB/007/002	-0.116550138185619	0.666903384439564	30	0.5	0.777777777777778	ILS
AJB/007/002	-0.420979749177967	-0.380959808850287	3	-1	-1	ILS
AJB/007/002	1.71002752776847	1.45280077940695	1.5	1	0.777777777777778	ILS
AJB/007/002	-1.33426858215501	-1.16685720381767	2.85714285714298	-1	-1	ILS
AJB/007/002	0.492309083799076	0.666903384439564	2	-1	-0.555555555555556	ILS
AJB/007/002	1.10116830578377	0.928869182762027	2	0	0.777777777777778	ILS
AJB/007/002	-0.420979749177967	-0.642925607172749	1.90476190476199	-1	-1	ILS
AJB/007/002	0.187879472806728	0.142971787794639	2.85714285714298	0.5	0.777777777777778	ILS
AJB/007/002	1.40559791677612	2.23869817437434	15	0	1.22222222222222	ILS
AJB/007/002	-0.420979749177967	-0.642925607172749	1	-1	-1	ILS
AJB/007/002	-1.02983897116266	-0.642925607172749	2.85714285714298	-1	-1	ILS
AJB/007/002	-1.33426858215501	-1.42882300214014	1	-1	-1	ILS
AJB/007/002	-0.116550138185619	-0.380959808850287	1	-1	-1	ILS
AJB/007/002	-0.420979749177967	-0.642925607172749	1.5	-1	-1	ILS
AJB/007/002	-1.02983897116266	-1.16685720381767	1	-0.5	0.333333333333333	ILS
AJB/007/002	-1.02983897116266	-0.904891405495212	13.5	-1	-1	ILS
AJB/007/002	-0.725409360170315	-0.380959808850287	3.62811791383251	1	1.22222222222222	ILS
AJB/007/002	-1.02983897116266	-1.16685720381767	2	-1	-0.555555555555556	ILS
AJB/007/002	-0.725409360170315	-0.642925607172749	1.90476190476199	-1	-1	ILS
AJB/007/002	0.492309083799076	0.666903384439564	4	-0.5	-0.111111111111111	ILS
AJB/007/002	-0.725409360170315	-0.380959808850287	2	-1	-0.555555555555556	ILS
AJB/007/002	-0.420979749177967	-0.642925607172749	1	-1	-1	ILS
AJB/007/002	1.40559791677612	1.71476657772941	51.4285714285737	0.5	0.333333333333333	ILS
AJB/007/002	-0.116550138185619	-0.380959808850287	1	-1	-0.555555555555556	ILS
AJB/007/002	1.10116830578377	1.19083498108449	4	-1	0.333333333333333	ILS
AJB/007/002	0.796738694791424	0.928869182762027	2.5	-1	-0.555555555555556	ILS
AJB/007/002	-1.33426858215501	-1.42882300214014	1.5	-1	-1	ILS
AJB/007/002	-0.116550138185619	-0.118994010527824	5.71428571428596	-1	-1	ILS
AJB/007/002	2.31888674975316	1.71476657772941	12	-0.5	0.777777777777778	ILS
AJB/007/002	0.187879472806728	0.404937586117101	1	-1	-1	ILS
AJB/007/002	0.187879472806728	-0.118994010527824	2	-1	-0.555555555555556	ILS
AJB/007/002	-1.63869819314736	-1.6907888004626	1	-1	-1	ILS
AJB/007/002	0.796738694791424	0.404937586117101	3	-1	-1	ILS
AJB/007/002	-0.420979749177967	-0.380959808850287	1	-1	-1	ILS
AJB/007/002	-1.02983897116266	-1.16685720381767	1	-1	-0.555555555555556	ILS
AJB/007/002	-1.02983897116266	-1.16685720381767	1	-1	-1	ILS
AJB/007/002	0.187879472806728	0.404937586117101	1.5	-1	-1	ILS
AJB/007/002	-0.725409360170315	-0.904891405495212	6	-1	-1	ILS
AJB/007/002	-0.725409360170315	-0.904891405495212	1	-1	-1	ILS
AJB/007/002	0.187879472806728	-0.118994010527824	1	-1	-0.111111111111111	ILS
AJB/007/002	0.187879472806728	0.666903384439564	1	0.5	1.22222222222222	ILS
AJB/007/002	0.187879472806728	0.404937586117101	4	0	-0.111111111111111	ILS
AJB/007/002	0.187879472806728	0.404937586117101	6	1	0.777777777777778	ILS
AJB/007/002	-1.33426858215501	-1.16685720381767	2	-1	-1	ILS
AJB/007/002	-0.725409360170315	-0.642925607172749	1	-1	-0.555555555555556	ILS
AJB/007/002	1.10116830578377	0.928869182762027	1.90476190476199	-1	-0.111111111111111	ILS
AJB/007/002	-0.725409360170315	-0.380959808850287	5.71428571428596	-1	-1	ILS
AJB/007/002	-1.33426858215501	-1.16685720381767	1	-1	-1	ILS
AJB/007/002	-0.116550138185619	-0.118994010527824	2	-1	-1	ILS
AJB/007/002	-0.725409360170315	-0.642925607172749	1.5	-1	-0.111111111111111	ILS
AJB/007/002	-1.94312780413971	-1.95275459878506	2	-1	-1	ILS
AJB/007/002	-0.725409360170315	-0.904891405495212	1.90476190476199	-1	-0.555555555555556	ILS
AJB/007/003	1.48401715530398	1.38242028190646	18	2	0.5	HGT
AJB/007/003	2.24597557740861	5.5399414010462	504900	3	2.5	HGT
AJB/007/003	-0.420878899957569	-0.216626302378054	300	1	0.5	HGT
AJB/007/003	-0.0398996889052582	0.103183014478849	1	-1	0	HGT
AJB/007/003	0.341079522147052	0.422992331335751	12	-1	-0.5	HGT
AJB/007/003	1.86499636635629	1.38242028190646	8	1	1	HGT
AJB/007/003	1.48401715530398	8.41822525275832	1634013.88888889	3	2.5	HGT
AJB/007/003	1.48401715530398	1.38242028190646	36	0	0	HGT
AJB/007/003	1.86499636635629	2.02203891562027	288	2	2	HGT
AJB/007/003	-1.5638165331145	-0.85624493609186	350	-1	-0.5	HGT
AJB/007/003	-0.801858111009879	-0.536435619234957	16	0	-0.5	HGT
AJB/007/003	1.10303794425167	2.02203891562027	6318	5	2.5	HGT
AJB/007/003	6.05576768793171	7.45879730218761	263424	9	6.5	HGT
AJB/007/003	1.48401715530398	2.02203891562027	48	5	2	HGT
AJB/007/003	1.86499636635629	2.66165754933407	4050	4	2.5	HGT
AJB/007/003	1.48401715530398	1.70222959876336	192	5	2	HGT
AJB/007/003	1.48401715530398	2.34184823247717	6	1	0.5	HGT
AJB/007/003	0.722058733199363	1.38242028190646	27	3	1.5	HGT
AJB/007/003	0.722058733199363	2.02203891562027	21.3333333333333	-1	-1	HGT
AJB/007/003	3.00793399951323	9.37765320332903	415065672	4	2	HGT
AJB/007/003	2.24597557740861	2.66165754933407	360	2	1.5	HGT
AJB/007/003	2.62695478846092	6.4993693516169	1148175	1	0.5	HGT
AJB/007/003	1.10303794425167	1.06261096504956	216	1	1	HGT
AJB/007/003	2.24597557740861	2.98146686619097	1296	3	2.5	HGT
AJB/007/003	4.15087163267016	6.81917866847381	19192320	7	3	HGT
AJB/007/003	1.86499636635629	1.70222959876336	9	1	1	HGT
AJB/007/003	1.48401715530398	1.38242028190646	24	1	0	HGT
AJB/007/003	-0.0398996889052582	1.70222959876336	552000	3	2	HGT
AJB/007/003	3.00793399951323	3.94089481676168	3240	8	3.5	HGT
AJB/007/003	1.10303794425167	0.742801648192654	1.5	0	-0.5	HGT
AJB/007/003	0.341079522147052	0.742801648192654	8	1	0	HGT
AJB/007/003	0.722058733199363	3.62108549990478	85120	1	1	HGT
AJB/007/003	4.53185084372247	9.05784388647213	8505000	4	2	HGT
AJB/007/003	2.62695478846092	6.17956003476	162000	8	3.5	HGT
AJB/007/003	4.15087163267016	7.77860661904452	2472960	5	3	HGT
AJB/007/003	1.86499636635629	2.02203891562027	400	0	0.5	HGT
AJB/007/003	3.76989242161785	3.62108549990478	3750	6	2.5	HGT
AJB/007/003	2.24597557740861	11.9361277381843	19707408	4	2.5	HGT
AJB/007/003	2.62695478846092	5.8597507179031	159.375	7	3	HGT
AJB/007/003	2.62695478846092	3.94089481676168	160	3	2	HGT
AJB/007/003	2.62695478846092	6.4993693516169	232031.25	11	5	HGT
AJB/007/003	3.00793399951323	6.17956003476	16000	9	4.5	HGT
AJB/007/003	1.86499636635629	1.70222959876336	1	0	-0.5	HGT
AJB/007/003	0.722058733199363	1.70222959876336	5488	0	1	HGT
AJB/007/003	1.86499636635629	7.45879730218761	185220	6	2.5	HGT
AJB/007/003	1.48401715530398	1.70222959876336	40	2	1	HGT
AJB/007/003	1.86499636635629	2.34184823247717	2016	-1	-0.5	HGT
AJB/007/003	3.38891321056554	7.13898798533071	210000	2	2.5	HGT
AJB/007/003	1.10303794425167	0.742801648192654	1	-1	-1	HGT
AJB/007/003	3.76989242161785	5.8597507179031	32400	5	2.5	HGT
AJB/007/003	2.24597557740861	6.17956003476	576562.5	0	2.5	HGT
AJB/007/003	1.86499636635629	1.38242028190646	6	1	0.5	HGT
AJB/007/003	2.24597557740861	4.26070413361858	1458	2	1.5	HGT
AJB/007/003	2.62695478846092	6.17956003476	110742.1875	9	4.5	HGT
AJB/007/003	1.10303794425167	4.58051345047549	918843.75	5	2	HGT
AJB/007/003	1.10303794425167	2.34184823247717	16	1	0	HGT
AJB/007/003	3.38891321056554	4.26070413361858	1056	6	3	HGT
AJB/007/003	2.24597557740861	3.30127618304788	1152	8	3.5	HGT
AJB/007/003	0.341079522147052	1.06261096504956	162	3	1	HGT
AJB/007/003	1.48401715530398	6.81917866847381	22861440	4	3	HGT
AJB/007/003	0.722058733199363	3.62108549990478	41.4814814814815	4	2	HGT
AJB/007/003	1.86499636635629	2.66165754933407	9216	5	2	HGT
AJB/007/003	4.15087163267016	6.4993693516169	14280	4	2	HGT
AJB/007/003	1.48401715530398	1.70222959876336	18	-1	-0.5	HGT
AJB/007/003	1.86499636635629	4.26070413361858	9920	5	2	HGT
AJB/007/003	3.00793399951323	2.34184823247717	8	0	0	HGT
AJB/007/003	1.10303794425167	1.70222959876336	2400	4	2	HGT
AJB/007/003	1.10303794425167	2.02203891562027	80	5	2	HGT
AJB/007/003	2.24597557740861	5.22013208418929	2560	4	1.5	HGT
AJB/007/003	1.86499636635629	3.30127618304788	1237.5	1	1	HGT
AJB/007/003	5.29380926582709	16.093648857324	770058009	11	5.5	HGT
AJB/007/003	2.24597557740861	2.66165754933407	22.5	2	1	HGT
AJB/007/003	-0.0398996889052582	0.742801648192654	168	-1	-1	HGT
AJB/007/003	3.00793399951323	3.62108549990478	364.5	3	2.5	HGT
AJB/007/003	-0.0398996889052582	0.742801648192654	6	-1	-1	HGT
AJB/007/003	1.48401715530398	3.94089481676168	23400	2	1.5	HGT
AJB/007/003	4.15087163267016	8.73803456961522	1575936	8	3.5	HGT
AJB/007/003	-0.801858111009879	-0.85624493609186	1	-1	-1	ILS
AJB/007/003	-1.94479574416681	-1.81567288666257	3	-1	-1	ILS
AJB/007/003	0.722058733199363	1.06261096504956	24	1	0	ILS
AJB/007/003	0.722058733199363	0.422992331335751	1.5	1	0	ILS
AJB/007/003	-1.18283732206219	-1.17605425294876	3	-1	-1	ILS
AJB/007/003	-0.0398996889052582	-0.216626302378054	2	2	0.5	ILS
AJB/007/003	1.48401715530398	1.06261096504956	2	-1	-1	ILS
AJB/007/003	-1.94479574416681	-1.81567288666257	1	-1	-1	ILS
AJB/007/003	0.722058733199363	1.06261096504956	2	0	-0.5	ILS
AJB/007/003	-0.420878899957569	-0.216626302378054	1	-1	-1	ILS
AJB/007/003	-0.420878899957569	-0.216626302378054	2.66666666666667	-1	-1	ILS
AJB/007/003	-1.94479574416681	-1.81567288666257	2	-1	-0.5	ILS
AJB/007/003	-0.0398996889052582	0.742801648192654	1.5	-1	-1	ILS
AJB/007/003	0.341079522147052	0.742801648192654	2.66666666666667	0	-0.5	ILS
AJB/007/003	0.722058733199363	0.742801648192654	10.125	-1	-1	ILS
AJB/007/003	1.48401715530398	1.06261096504956	1.5	1	0	ILS
AJB/007/003	2.62695478846092	2.34184823247717	20	0	0	ILS
AJB/007/003	-0.0398996889052582	0.422992331335751	81	0	-0.5	ILS
AJB/007/003	1.86499636635629	1.38242028190646	6	-1	-0.5	ILS
AJB/007/003	-2.32577495521912	-2.13548220351947	1	-1	-1	ILS
AJB/007/003	-1.18283732206219	-0.85624493609186	9	-1	-1	ILS
AJB/007/003	0.341079522147052	0.742801648192654	24	1	0	ILS
AJB/007/003	0.722058733199363	0.422992331335751	4	-1	-1	ILS
AJB/007/003	-0.420878899957569	-0.216626302378054	2	-1	-0.5	ILS
AJB/007/003	-1.5638165331145	-1.49586356980567	3	-1	-1	ILS
AJB/007/003	-0.0398996889052582	-0.216626302378054	1	1	0	ILS
AJB/007/003	2.62695478846092	2.66165754933407	3	0	0	ILS
AJB/007/003	-2.32577495521912	-2.13548220351947	1	-1	-1	ILS
AJB/007/003	-0.801858111009879	-0.85624493609186	2	-1	-0.5	ILS
AJB/007/003	0.722058733199363	0.742801648192654	4	1	0	ILS
AJB/007/003	-1.18283732206219	-1.17605425294876	1	-1	-1	ILS
AJB/007/003	-1.94479574416681	-1.81567288666257	2	-1	-1	ILS
AJB/007/003	-0.0398996889052582	0.103183014478849	3	-1	-1	ILS
AJB/007/003	0.722058733199363	0.742801648192654	4	1	0	ILS
AJB/007/003	-0.0398996889052582	-0.216626302378054	2	0	0	ILS
AJB/007/003	1.10303794425167	1.70222959876336	180	3	1.5	ILS
AJB/007/003	1.86499636635629	2.66165754933407	20.25	0	-0.5	ILS
AJB/007/003	2.24597557740861	2.02203891562027	8	0	0	ILS
AJB/007/003	-1.18283732206219	-0.536435619234957	2.66666666666667	-1	-1	ILS
AJB/007/003	-0.420878899957569	-0.216626302378054	1	0	0	ILS
AJB/007/003	-0.801858111009879	-0.85624493609186	4	-1	-0.5	ILS
AJB/007/003	0.722058733199363	0.742801648192654	4.5	1	0	ILS
AJB/007/003	-0.801858111009879	-0.85624493609186	1	-1	-1	ILS
AJB/007/003	-1.18283732206219	-1.17605425294876	2	-1	-1	ILS
AJB/007/003	0.722058733199363	0.742801648192654	1	-1	-0.5	ILS
AJB/007/003	-0.420878899957569	0.103183014478849	1.66666666666667	0	0.5	ILS
AJB/007/003	-0.420878899957569	-0.216626302378054	1	-1	-1	ILS
AJB/007/003	0.722058733199363	0.742801648192654	3	-1	-0.5	ILS
AJB/007/003	1.10303794425167	1.38242028190646	4	-1	-1	ILS
AJB/007/003	0.341079522147052	0.103183014478849	8	-1	0	ILS
AJB/007/003	0.341079522147052	0.742801648192654	3	-1	-1	ILS
AJB/007/003	1.10303794425167	1.06261096504956	6	-1	-0.5	ILS
AJB/007/003	-0.0398996889052582	0.422992331335751	4	-1	-1	ILS
AJB/007/003	-1.18283732206219	-1.17605425294876	1	-1	-1	ILS
AJB/007/003	-0.0398996889052582	-0.216626302378054	3	-1	-1	ILS
AJB/007/003	1.86499636635629	1.70222959876336	2.25	0	-0.5	ILS
AJB/007/003	-0.0398996889052582	-0.216626302378054	2	1	0	ILS
AJB/007/003	-0.420878899957569	0.103183014478849	2	-1	-1	ILS
AJB/007/003	-1.18283732206219	-1.17605425294876	1	-1	-1	ILS
AJB/007/003	-0.801858111009879	-0.85624493609186	2	-1	-1	ILS
AJB/007/003	1.10303794425167	1.38242028190646	16	1	0	ILS
AJB/007/003	1.48401715530398	1.70222959876336	2.25	-1	0.5	ILS
AJB/007/003	0.341079522147052	0.422992331335751	3	0	0	ILS
AJB/007/003	0.722058733199363	0.422992331335751	1	1	0	ILS
AJB/007/003	-0.420878899957569	0.103183014478849	2.25	-1	-1	ILS
AJB/007/003	0.341079522147052	0.103183014478849	2	-1	-1	ILS
AJB/007/003	1.10303794425167	1.70222959876336	27	-1	-1	ILS
AJB/007/003	1.86499636635629	2.02203891562027	12	0	-0.5	ILS
AJB/007/003	-0.801858111009879	-0.85624493609186	1	1	0	ILS
AJB/007/003	2.24597557740861	1.70222959876336	6	3	1	ILS
AJB/007/003	-1.18283732206219	-1.17605425294876	1	-1	-1	ILS
AJB/007/003	1.10303794425167	1.70222959876336	48	0	0.5	ILS
AJB/007/003	-0.0398996889052582	0.103183014478849	8	-1	-1	ILS
AJB/007/003	2.62695478846092	2.66165754933407	13.5	1	0.5	ILS
AJB/007/003	-0.0398996889052582	0.103183014478849	54	-1	-1	ILS
AJB/007/003	1.10303794425167	1.06261096504956	18	0	-0.5	ILS
AJB/007/003	0.722058733199363	1.06261096504956	2.25	-1	-1	ILS

